SR No. 	Question ID 	Correct Options/Answers 	Options/Answer for Challenge
1. 	87827056058 	878270220134 	878270220131
878270220132
878270220133
878270220134
None of These
2. 	87827056059 	878270220138 	878270220135
878270220136
878270220137
878270220138
None of These
3. 	87827056060 	878270220140 	878270220139
878270220140
878270220141
878270220142
None of These
4. 	87827056061 	878270220144 	878270220143
878270220144
878270220145
878270220146
None of These
5. 	87827056062 	878270220149 	878270220147
878270220148
878270220149
878270220150
None of These
6. 	87827056063 	878270220152 	878270220151
878270220152
878270220153
878270220154
None of These
7. 	87827056064 	878270220156 	878270220155
878270220156
878270220157
878270220158
None of These
8. 	87827056065 	878270220161 	878270220159
878270220160
878270220161
878270220162
None of These
9. 	87827056066 	878270220163 	878270220163
878270220164
878270220165
878270220166
None of These
10. 	87827056067 	878270220169 	878270220167
878270220168
878270220169
878270220170
None of These
11. 	87827056068 	878270220173 	878270220171
878270220172
878270220173
878270220174
None of These
12. 	87827056069 	878270220175 	878270220175
878270220176
878270220177
878270220178
None of These
13. 	87827056070 	878270220181 	878270220179
878270220180
878270220181
878270220182
None of These
14. 	87827056071 	878270220186 	878270220183
878270220184
878270220185
878270220186
None of These
15. 	87827056072 	878270220188 	878270220187
878270220188
878270220189
878270220190
None of These
16. 	87827056073 	878270220193 	878270220191
878270220192
878270220193
878270220194
None of These
17. 	87827056074 	878270220197 	878270220195
878270220196
878270220197
878270220198
None of These
18. 	87827056075 	878270220199 	878270220199
878270220200
878270220201
878270220202
None of These
19. 	87827056076 	878270220204 	878270220203
878270220204
878270220205
878270220206
None of These
20. 	87827056077 	878270220209 	878270220207
878270220208
878270220209
878270220210
None of These
21. 	87827056078 	2 	
22. 	87827056079 	1 	
23. 	87827056080 	1505 	
24. 	87827056081 	128 	
25. 	87827056082 	6 	
26. 	87827056083 	7 	
27. 	87827056084 	4 	
28. 	87827056085 	40 	
29. 	87827056086 	11 	
30. 	87827056087 	33 	
31. 	87827056088 	878270220224 	878270220221
878270220222
878270220223
878270220224
None of These
32. 	87827056089 	878270220226 	878270220225
878270220226
878270220227
878270220228
None of These
33. 	87827056090 	878270220230 	878270220229
878270220230
878270220231
878270220232
None of These
34. 	87827056091 	878270220236 	878270220233
878270220234
878270220235
878270220236
None of These
35. 	87827056092 	878270220238 	878270220237
878270220238
878270220239
878270220240
None of These
36. 	87827056093 	878270220243 	878270220241
878270220242
878270220243
878270220244
None of These
37. 	87827056094 	878270220248 	878270220245
878270220246
878270220247
878270220248
None of These
38. 	87827056095 	878270220250 	878270220249
878270220250
878270220251
878270220252
None of These
39. 	87827056096 	878270220253 	878270220253
878270220254
878270220255
878270220256
None of These
40. 	87827056097 	878270220257 	878270220257
878270220258
878270220259
878270220260
None of These
41. 	87827056098 	878270220262 	878270220261
878270220262
878270220263
878270220264
None of These
42. 	87827056099 	878270220267 	878270220265
878270220266
878270220267
878270220268
None of These
43. 	87827056100 	878270220272 	878270220269
878270220270
878270220271
878270220272
None of These
44. 	87827056101 	878270220275 	878270220273
878270220274
878270220275
878270220276
None of These
45. 	87827056102 	878270220280 	878270220277
878270220278
878270220279
878270220280
None of These
46. 	87827056103 	878270220282 	878270220281
878270220282
878270220283
878270220284
None of These
47. 	87827056104 	878270220287 	878270220285
878270220286
878270220287
878270220288
None of These
48. 	87827056105 	878270220291 	878270220289
878270220290
878270220291
878270220292
None of These
49. 	87827056106 	878270220296 	878270220293
878270220294
878270220295
878270220296
None of These
50. 	87827056107 	878270220298 	878270220297
878270220298
878270220299
878270220300
None of These
51. 	87827056108 	100 	
52. 	87827056109 	2 	
53. 	87827056110 	40 	
54. 	87827056111 	6 	
55. 	87827056112 	5 	
56. 	87827056113 	5 	
57. 	87827056114 	10 	
58. 	87827056115 	22 	
59. 	87827056116 	2 	
60. 	87827056117 	5 	
61. 	87827056118 	878270220312 	878270220311
878270220312
878270220313
878270220314
None of These
62. 	87827056119 	878270220318 	878270220315
878270220316
878270220317
878270220318
None of These
63. 	87827056120 	878270220320 	878270220319
878270220320
878270220321
878270220322
None of These
64. 	87827056121 	878270220324 	878270220323
878270220324
878270220325
878270220326
None of These
65. 	87827056122 	878270220330 	878270220327
878270220328
878270220329
878270220330
None of These
66. 	87827056123 	878270220331 	878270220331
878270220332
878270220333
878270220334
None of These
67. 	87827056124 	878270220337 	878270220335
878270220336
878270220337
878270220338
None of These
68. 	87827056125 	878270220340 	878270220339
878270220340
878270220341
878270220342
None of These
69. 	87827056126 	878270220343 	878270220343
878270220344
878270220345
878270220346
None of These
70. 	87827056127 	878270220348 	878270220347
878270220348
878270220349
878270220350
None of These
71. 	87827056128 	878270220352 	878270220351
878270220352
878270220353
878270220354
None of These
72. 	87827056129 	878270220356 	878270220355
878270220356
878270220357
878270220358
None of These
73. 	87827056130 	878270220360 	878270220359
878270220360
878270220361
878270220362
None of These
74. 	87827056131 	878270220365 	878270220363
878270220364
878270220365
878270220366
None of These
75. 	87827056132 	878270220367 	878270220367
878270220368
878270220369
878270220370
None of These
76. 	87827056133 	878270220372 	878270220371
878270220372
878270220373
878270220374
None of These
77. 	87827056134 	878270220377 	878270220375
878270220376
878270220377
878270220378
None of These
78. 	87827056135 	878270220379 	878270220379
878270220380
878270220381
878270220382
None of These
79. 	87827056136 	878270220384 	878270220383
878270220384
878270220385
878270220386
None of These
80. 	87827056137 	878270220387 	878270220387
878270220388
878270220389
878270220390
None of These
81. 	87827056138 	22 	
82. 	87827056139 	1724 	
83. 	87827056140 	2 	
84. 	87827056141 	38 	
85. 	87827056142 	74 	
86. 	87827056143 	9 	
87. 	87827056144 	2 	
88. 	87827056145 	1 	
89. 	87827056146 	1 	
90. 	87827056147 	9 	